 total_keys | keys_stayed | keys_moved | moved_percent 
------------+-------------+------------+---------------
     100000 |       24948 |      75052 |         75.05
(1 row)

 shard_before | shard_after | keys 
--------------+-------------+------
            0 |           1 | 8200
            0 |           2 | 8442
            0 |           3 | 8303
            1 |           0 | 8398
            1 |           2 | 8397
            1 |           3 | 8346
            2 |           0 | 8304
            2 |           1 | 8361
            2 |           3 | 8301
(9 rows)

